lat_north = 25.0177547
lat_south = 25.017298
lon_east  = 121.54349
lon_west  = 121.54256
datum_lat = 25.01755
datum_lon = 121.5434331



