MOOSTimeWarp = $(WARP)
LatOrigin  = 25.01755
LongOrigin = 121.5434331
